.i 6
.o 2
.ilb SignR rm[1] rm[0] G zero_rem sign_rem
.ob M1 M0

000000 00
000001 00
000010 00
000011 00
000100 10
000101 00
000110 --
000111 --

001000 00
001001 01
001010 00
001011 00
001100 00
001101 00
001110 --
001111 --

010000 10
010001 00
010010 00
010011 00
010100 10
010101 10
010110 --
010111 --

011000 00
011001 01
011010 00
011011 00
011100 00
011101 00
011110 --
011111 --

100000 00
100001 00
100010 00
100011 00
100100 10
100101 00
100110 --
100111 --

101000 00
101001 01
101010 00
101011 00
101100 00
101101 00
101110 --
101111 --

110000 00
110001 01
110010 00
110011 00
110100 00
110101 00
110110 --
110111 --

111000 10
111001 00
111010 00
111011 00
111100 10
111101 10
111110 --
111111 --

.e