.i 7
.o 2
.ilb SignR rm[2] rm[1] rm[0] G zero_rem sign_rem
.ob M1 M0

0000000 00
0000001 00
0000010 00
0000011 00
0000100 10
0000101 00
0000110 --
0000111 --

0001000 00
0001001 01
0001010 00
0001011 00
0001100 00
0001101 00
0001110 --
0001111 --

0010000 10
0010001 00
0010010 00
0010011 00
0010100 10
0010101 10
0010110 --
0010111 --

0011000 00
0011001 01
0011010 00
0011011 00
0011100 00
0011101 00
0011110 --
0011111 --

01--000 10
01--001 00
01--010 00
01--011 00
01--100 10
01--101 10
01--110 --
01--111 --

1000000 00
1000001 00
1000010 00
1000011 00
1000100 10
1000101 00
1000110 --
1000111 --

1001000 00
1001001 01
1001010 00
1001011 00
1001100 00
1001101 00
1001110 --
1001111 --

1010000 00
1010001 01
1010010 00
1010011 00
1010100 00
1010101 00
1010110 --
1010111 --

1011000 10
1011001 00
1011010 00
1011011 00
1011100 10
1011101 10
1011110 --
1011111 --

11--000 10
11--001 00
11--010 00
11--011 00
11--100 10
11--101 10
11--110 --
11--111 --



.e